# time passed	number of events	interval average	total
7.5	232.0	30.933333333333334	232.0
15.0	240.0	32.0	472.0
22.5	245.0	32.666666666666664	717.0
30.0	226.0	30.133333333333333	943.0
37.5	223.0	29.733333333333334	1166.0
45.0	218.0	29.066666666666666	1384.0
52.5	207.0	27.6	1591.0
60.0	235.0	31.333333333333332	1826.0
67.5	260.0	34.666666666666664	2086.0
75.0	218.0	29.066666666666666	2304.0
82.5	207.0	27.6	2511.0
90.0	259.0	34.53333333333333	2770.0
97.5	245.0	32.666666666666664	3015.0
105.0	269.0	35.86666666666667	3284.0
112.5	229.0	30.533333333333335	3513.0
120.0	246.0	32.8	3759.0
127.5	234.0	31.2	3993.0
135.0	232.0	30.933333333333334	4225.0
142.5	213.0	28.4	4438.0
150.0	230.0	30.666666666666668	4668.0
157.5	237.0	31.6	4905.0
165.0	226.0	30.133333333333333	5131.0
172.5	242.0	32.266666666666666	5373.0
180.0	238.0	31.733333333333334	5611.0
187.5	249.0	33.2	5860.0
195.0	202.0	26.933333333333334	6062.0
202.5	246.0	32.8	6308.0
210.0	244.0	32.53333333333333	6552.0
217.5	226.0	30.133333333333333	6778.0
225.0	215.0	28.666666666666668	6993.0
232.5	273.0	36.4	7266.0
240.0	236.0	31.466666666666665	7502.0
247.5	248.0	33.06666666666667	7750.0
255.0	213.0	28.4	7963.0
262.5	226.0	30.133333333333333	8189.0
270.0	224.0	29.866666666666667	8413.0
277.5	237.0	31.6	8650.0
285.0	230.0	30.666666666666668	8880.0
292.5	256.0	34.13333333333333	9136.0
300.0	230.0	30.666666666666668	9366.0
307.5	240.0	32.0	9606.0
315.0	243.0	32.4	9849.0
322.5	232.0	30.933333333333334	10081.0
330.0	237.0	31.6	10318.0
337.5	230.0	30.666666666666668	10548.0
345.0	222.0	29.6	10770.0
352.5	237.0	31.6	11007.0
360.0	230.0	30.666666666666668	11237.0
367.5	240.0	32.0	11477.0
375.0	235.0	31.333333333333332	11712.0
382.5	240.0	32.0	11952.0
390.0	232.0	30.933333333333334	12184.0
397.5	222.0	29.6	12406.0
405.0	244.0	32.53333333333333	12650.0
412.5	234.0	31.2	12884.0
420.0	253.0	33.733333333333334	13137.0
427.5	257.0	34.266666666666666	13394.0
435.0	241.0	32.13333333333333	13635.0
442.5	234.0	31.2	13869.0
450.0	234.0	31.2	14103.0
457.5	232.0	30.933333333333334	14335.0
465.0	224.0	29.866666666666667	14559.0
472.5	257.0	34.266666666666666	14816.0
480.0	222.0	29.6	15038.0
487.5	228.0	30.4	15266.0
495.0	232.0	30.933333333333334	15498.0
502.5	228.0	30.4	15726.0
510.0	193.0	25.733333333333334	15919.0
517.5	239.0	31.866666666666667	16158.0
525.0	241.0	32.13333333333333	16399.0
532.5	250.0	33.333333333333336	16649.0
540.0	244.0	32.53333333333333	16893.0
547.5	224.0	29.866666666666667	17117.0
555.0	249.0	33.2	17366.0
562.5	238.0	31.733333333333334	17604.0
570.0	214.0	28.533333333333335	17818.0
577.5	262.0	34.93333333333333	18080.0
585.0	232.0	30.933333333333334	18312.0
592.5	233.0	31.066666666666666	18545.0
600.0	212.0	28.266666666666666	18757.0
607.5	229.0	30.533333333333335	18986.0
615.0	221.0	29.466666666666665	19207.0
622.5	236.0	31.466666666666665	19443.0
630.0	249.0	33.2	19692.0
637.5	231.0	30.8	19923.0
645.0	237.0	31.6	20160.0
652.5	269.0	35.86666666666667	20429.0
660.0	255.0	34.0	20684.0
667.5	246.0	32.8	20930.0
675.0	218.0	29.066666666666666	21148.0
682.5	228.0	30.4	21376.0
690.0	232.0	30.933333333333334	21608.0
697.5	251.0	33.46666666666667	21859.0
705.0	216.0	28.8	22075.0
712.5	233.0	31.066666666666666	22308.0
720.0	217.0	28.933333333333334	22525.0
727.5	222.0	29.6	22747.0
735.0	215.0	28.666666666666668	22962.0
742.5	209.0	27.866666666666667	23171.0
750.0	232.0	30.933333333333334	23403.0
757.5	236.0	31.466666666666665	23639.0
765.0	226.0	30.133333333333333	23865.0
772.5	247.0	32.93333333333333	24112.0
780.0	253.0	33.733333333333334	24365.0
787.5	212.0	28.266666666666666	24577.0
795.0	255.0	34.0	24832.0
802.5	231.0	30.8	25063.0
810.0	231.0	30.8	25294.0
817.5	240.0	32.0	25534.0
825.0	224.0	29.866666666666667	25758.0
832.5	231.0	30.8	25989.0
840.0	233.0	31.066666666666666	26222.0
847.5	246.0	32.8	26468.0
855.0	220.0	29.333333333333332	26688.0
862.5	265.0	35.333333333333336	26953.0
870.0	246.0	32.8	27199.0
877.5	263.0	35.06666666666667	27462.0
885.0	243.0	32.4	27705.0
892.5	240.0	32.0	27945.0
900.0	225.0	30.0	28170.0
907.5	237.0	31.6	28407.0
915.0	240.0	32.0	28647.0
922.5	235.0	31.333333333333332	28882.0
930.0	219.0	29.2	29101.0
937.5	233.0	31.066666666666666	29334.0
945.0	266.0	35.46666666666667	29600.0
952.5	232.0	30.933333333333334	29832.0
960.0	252.0	33.6	30084.0
967.5	247.0	32.93333333333333	30331.0
975.0	223.0	29.733333333333334	30554.0
982.5	216.0	28.8	30770.0
990.0	222.0	29.6	30992.0
997.5	239.0	31.866666666666667	31231.0
1005.0	240.0	32.0	31471.0
1012.5	226.0	30.133333333333333	31697.0
1020.0	235.0	31.333333333333332	31932.0
1027.5	239.0	31.866666666666667	32171.0
1035.0	248.0	33.06666666666667	32419.0
1042.5	275.0	36.666666666666664	32694.0
1050.0	261.0	34.8	32955.0
1057.5	253.0	33.733333333333334	33208.0
1065.0	227.0	30.266666666666666	33435.0
1072.5	231.0	30.8	33666.0
1080.0	231.0	30.8	33897.0
1087.5	227.0	30.266666666666666	34124.0
1095.0	224.0	29.866666666666667	34348.0
1102.5	253.0	33.733333333333334	34601.0
1110.0	243.0	32.4	34844.0
1117.5	231.0	30.8	35075.0
1125.0	234.0	31.2	35309.0
1132.5	246.0	32.8	35555.0
1140.0	226.0	30.133333333333333	35781.0
1147.5	229.0	30.533333333333335	36010.0
1155.0	226.0	30.133333333333333	36236.0
1162.5	245.0	32.666666666666664	36481.0
1170.0	225.0	30.0	36706.0
1177.5	244.0	32.53333333333333	36950.0
1185.0	267.0	35.6	37217.0
1192.5	213.0	28.4	37430.0
1200.0	222.0	29.6	37652.0
1207.5	222.0	29.6	37874.0
1215.0	223.0	29.733333333333334	38097.0
1222.5	265.0	35.333333333333336	38362.0
1230.0	232.0	30.933333333333334	38594.0
1237.5	232.0	30.933333333333334	38826.0
1245.0	217.0	28.933333333333334	39043.0
1252.5	260.0	34.666666666666664	39303.0
1260.0	230.0	30.666666666666668	39533.0
1267.5	257.0	34.266666666666666	39790.0
1275.0	202.0	26.933333333333334	39992.0
1282.5	233.0	31.066666666666666	40225.0
1290.0	232.0	30.933333333333334	40457.0
1297.5	258.0	34.4	40715.0
1305.0	231.0	30.8	40946.0
1312.5	231.0	30.8	41177.0
1320.0	234.0	31.2	41411.0
1327.5	224.0	29.866666666666667	41635.0
1335.0	226.0	30.133333333333333	41861.0
1342.5	241.0	32.13333333333333	42102.0
1350.0	242.0	32.266666666666666	42344.0
1357.5	225.0	30.0	42569.0
1365.0	230.0	30.666666666666668	42799.0
1372.5	223.0	29.733333333333334	43022.0
1380.0	242.0	32.266666666666666	43264.0
1387.5	214.0	28.533333333333335	43478.0
1395.0	215.0	28.666666666666668	43693.0
1402.5	237.0	31.6	43930.0
1410.0	227.0	30.266666666666666	44157.0
1417.5	217.0	28.933333333333334	44374.0
1425.0	222.0	29.6	44596.0
1432.5	251.0	33.46666666666667	44847.0
1440.0	215.0	28.666666666666668	45062.0
1447.5	227.0	30.266666666666666	45289.0
1455.0	250.0	33.333333333333336	45539.0
1462.5	246.0	32.8	45785.0
1470.0	222.0	29.6	46007.0
1477.5	233.0	31.066666666666666	46240.0
1485.0	235.0	31.333333333333332	46475.0
1492.5	212.0	28.266666666666666	46687.0
1500.0	212.0	28.266666666666666	46899.0
1507.5	243.0	32.4	47142.0
1515.0	233.0	31.066666666666666	47375.0
1522.5	226.0	30.133333333333333	47601.0
1530.0	237.0	31.6	47838.0
1537.5	221.0	29.466666666666665	48059.0
1545.0	231.0	30.8	48290.0
1552.5	203.0	27.066666666666666	48493.0
1560.0	235.0	31.333333333333332	48728.0
1567.5	228.0	30.4	48956.0
1575.0	241.0	32.13333333333333	49197.0
1582.5	216.0	28.8	49413.0
1590.0	253.0	33.733333333333334	49666.0
1597.5	237.0	31.6	49903.0
1605.0	227.0	30.266666666666666	50130.0
1612.5	228.0	30.4	50358.0
1620.0	227.0	30.266666666666666	50585.0
1627.5	215.0	28.666666666666668	50800.0
1635.0	220.0	29.333333333333332	51020.0
1642.5	236.0	31.466666666666665	51256.0
1650.0	244.0	32.53333333333333	51500.0
1657.5	223.0	29.733333333333334	51723.0
1665.0	245.0	32.666666666666664	51968.0
1672.5	229.0	30.533333333333335	52197.0
1680.0	218.0	29.066666666666666	52415.0
1687.5	225.0	30.0	52640.0
1695.0	230.0	30.666666666666668	52870.0
1702.5	227.0	30.266666666666666	53097.0
1710.0	242.0	32.266666666666666	53339.0
1717.5	222.0	29.6	53561.0
1725.0	271.0	36.13333333333333	53832.0
1732.5	257.0	34.266666666666666	54089.0
1740.0	259.0	34.53333333333333	54348.0
1747.5	257.0	34.266666666666666	54605.0
1755.0	247.0	32.93333333333333	54852.0
1762.5	276.0	36.8	55128.0
1770.0	215.0	28.666666666666668	55343.0
1777.5	238.0	31.733333333333334	55581.0
1785.0	222.0	29.6	55803.0
1792.5	235.0	31.333333333333332	56038.0
1800.0	241.0	32.13333333333333	56279.0
1807.5	247.0	32.93333333333333	56526.0
1815.0	245.0	32.666666666666664	56771.0
1822.5	237.0	31.6	57008.0
1830.0	227.0	30.266666666666666	57235.0
1837.5	264.0	35.2	57499.0
1845.0	254.0	33.86666666666667	57753.0
1852.5	224.0	29.866666666666667	57977.0
1860.0	217.0	28.933333333333334	58194.0
1867.5	233.0	31.066666666666666	58427.0
1875.0	219.0	29.2	58646.0
1882.5	225.0	30.0	58871.0
1890.0	249.0	33.2	59120.0
1897.5	239.0	31.866666666666667	59359.0
1905.0	243.0	32.4	59602.0
1912.5	230.0	30.666666666666668	59832.0
1920.0	216.0	28.8	60048.0
1927.5	261.0	34.8	60309.0
1935.0	244.0	32.53333333333333	60553.0
1942.5	235.0	31.333333333333332	60788.0
1950.0	244.0	32.53333333333333	61032.0
1957.5	205.0	27.333333333333332	61237.0
1965.0	231.0	30.8	61468.0
1972.5	236.0	31.466666666666665	61704.0
1980.0	214.0	28.533333333333335	61918.0
1987.5	225.0	30.0	62143.0
1995.0	247.0	32.93333333333333	62390.0
2002.5	243.0	32.4	62633.0
2010.0	231.0	30.8	62864.0
2017.5	220.0	29.333333333333332	63084.0
2025.0	214.0	28.533333333333335	63298.0
2032.5	242.0	32.266666666666666	63540.0
2040.0	236.0	31.466666666666665	63776.0
2047.5	250.0	33.333333333333336	64026.0
2055.0	243.0	32.4	64269.0
2062.5	172.0	22.933333333333334	64441.0
2070.0	230.0	30.666666666666668	64671.0
2077.5	256.0	34.13333333333333	64927.0
2085.0	235.0	31.333333333333332	65162.0
2092.5	244.0	32.53333333333333	65406.0
2100.0	256.0	34.13333333333333	65662.0
2107.5	231.0	30.8	65893.0
2115.0	233.0	31.066666666666666	66126.0
2122.5	243.0	32.4	66369.0
2130.0	237.0	31.6	66606.0
2137.5	215.0	28.666666666666668	66821.0
2145.0	242.0	32.266666666666666	67063.0
2152.5	240.0	32.0	67303.0
2160.0	220.0	29.333333333333332	67523.0
2167.5	263.0	35.06666666666667	67786.0
2175.0	236.0	31.466666666666665	68022.0
2182.5	231.0	30.8	68253.0
2190.0	256.0	34.13333333333333	68509.0
2197.5	238.0	31.733333333333334	68747.0
2205.0	238.0	31.733333333333334	68985.0
2212.5	230.0	30.666666666666668	69215.0
2220.0	219.0	29.2	69434.0
2227.5	229.0	30.533333333333335	69663.0
2235.0	231.0	30.8	69894.0
2242.5	211.0	28.133333333333333	70105.0
2250.0	233.0	31.066666666666666	70338.0
2257.5	255.0	34.0	70593.0
2265.0	243.0	32.4	70836.0
2272.5	252.0	33.6	71088.0
2280.0	237.0	31.6	71325.0
2287.5	244.0	32.53333333333333	71569.0
2295.0	222.0	29.6	71791.0
2302.5	237.0	31.6	72028.0
2310.0	239.0	31.866666666666667	72267.0
2317.5	214.0	28.533333333333335	72481.0
2325.0	208.0	27.733333333333334	72689.0
2332.5	233.0	31.066666666666666	72922.0
2340.0	260.0	34.666666666666664	73182.0
2347.5	220.0	29.333333333333332	73402.0
2355.0	238.0	31.733333333333334	73640.0
2362.5	258.0	34.4	73898.0
2370.0	233.0	31.066666666666666	74131.0
2377.5	237.0	31.6	74368.0
2385.0	238.0	31.733333333333334	74606.0
2392.5	220.0	29.333333333333332	74826.0
2400.0	242.0	32.266666666666666	75068.0
2407.5	250.0	33.333333333333336	75318.0
2415.0	223.0	29.733333333333334	75541.0
2422.5	216.0	28.8	75757.0
2430.0	225.0	30.0	75982.0
2437.5	229.0	30.533333333333335	76211.0
2445.0	224.0	29.866666666666667	76435.0
2452.5	211.0	28.133333333333333	76646.0
2460.0	243.0	32.4	76889.0
2467.5	238.0	31.733333333333334	77127.0
2475.0	237.0	31.6	77364.0
2482.5	229.0	30.533333333333335	77593.0
2490.0	243.0	32.4	77836.0
2497.5	227.0	30.266666666666666	78063.0
2505.0	259.0	34.53333333333333	78322.0
2512.5	224.0	29.866666666666667	78546.0
2520.0	231.0	30.8	78777.0
2527.5	225.0	30.0	79002.0
2535.0	218.0	29.066666666666666	79220.0
2542.5	248.0	33.06666666666667	79468.0
2550.0	250.0	33.333333333333336	79718.0
2557.5	256.0	34.13333333333333	79974.0
2565.0	223.0	29.733333333333334	80197.0
2572.5	240.0	32.0	80437.0
2580.0	240.0	32.0	80677.0
2587.5	238.0	31.733333333333334	80915.0
2595.0	256.0	34.13333333333333	81171.0
2602.5	235.0	31.333333333333332	81406.0
2610.0	244.0	32.53333333333333	81650.0
2617.5	250.0	33.333333333333336	81900.0
2625.0	226.0	30.133333333333333	82126.0
2632.5	249.0	33.2	82375.0
2640.0	244.0	32.53333333333333	82619.0
2647.5	254.0	33.86666666666667	82873.0
2655.0	262.0	34.93333333333333	83135.0
2662.5	211.0	28.133333333333333	83346.0
2670.0	242.0	32.266666666666666	83588.0
2677.5	235.0	31.333333333333332	83823.0
2685.0	232.0	30.933333333333334	84055.0
2692.5	240.0	32.0	84295.0
2700.0	228.0	30.4	84523.0
2707.5	233.0	31.066666666666666	84756.0
2715.0	257.0	34.266666666666666	85013.0
2722.5	217.0	28.933333333333334	85230.0
2730.0	272.0	36.266666666666666	85502.0
2737.5	253.0	33.733333333333334	85755.0
2745.0	215.0	28.666666666666668	85970.0
2752.5	212.0	28.266666666666666	86182.0
2760.0	221.0	29.466666666666665	86403.0
2767.5	240.0	32.0	86643.0
2775.0	257.0	34.266666666666666	86900.0
2782.5	245.0	32.666666666666664	87145.0
2790.0	245.0	32.666666666666664	87390.0
2797.5	256.0	34.13333333333333	87646.0
2805.0	234.0	31.2	87880.0
2812.5	226.0	30.133333333333333	88106.0
2820.0	256.0	34.13333333333333	88362.0
2827.5	240.0	32.0	88602.0
2835.0	219.0	29.2	88821.0
2842.5	268.0	35.733333333333334	89089.0
2850.0	210.0	28.0	89299.0
2857.5	236.0	31.466666666666665	89535.0
2865.0	221.0	29.466666666666665	89756.0
2872.5	244.0	32.53333333333333	90000.0
2880.0	199.0	26.533333333333335	90199.0
2887.5	235.0	31.333333333333332	90434.0
2895.0	235.0	31.333333333333332	90669.0
2902.5	228.0	30.4	90897.0
2910.0	242.0	32.266666666666666	91139.0
2917.5	234.0	31.2	91373.0
2925.0	254.0	33.86666666666667	91627.0
2932.5	245.0	32.666666666666664	91872.0
2940.0	231.0	30.8	92103.0
2947.5	243.0	32.4	92346.0
2955.0	222.0	29.6	92568.0
2962.5	245.0	32.666666666666664	92813.0
2970.0	216.0	28.8	93029.0
2977.5	249.0	33.2	93278.0
2985.0	226.0	30.133333333333333	93504.0
2992.5	213.0	28.4	93717.0
3000.0	218.0	29.066666666666666	93935.0
3007.5	211.0	28.133333333333333	94146.0
3015.0	245.0	32.666666666666664	94391.0
3022.5	219.0	29.2	94610.0
3030.0	220.0	29.333333333333332	94830.0
3037.5	221.0	29.466666666666665	95051.0
3045.0	244.0	32.53333333333333	95295.0
3052.5	253.0	33.733333333333334	95548.0
3060.0	228.0	30.4	95776.0
3067.5	216.0	28.8	95992.0
3075.0	228.0	30.4	96220.0
3082.5	220.0	29.333333333333332	96440.0
3090.0	231.0	30.8	96671.0
3097.5	219.0	29.2	96890.0
3105.0	231.0	30.8	97121.0
3112.5	237.0	31.6	97358.0
3120.0	230.0	30.666666666666668	97588.0
3127.5	238.0	31.733333333333334	97826.0
3135.0	254.0	33.86666666666667	98080.0
3142.5	248.0	33.06666666666667	98328.0
3150.0	226.0	30.133333333333333	98554.0
3157.5	243.0	32.4	98797.0
3165.0	248.0	33.06666666666667	99045.0
3172.5	219.0	29.2	99264.0
3180.0	224.0	29.866666666666667	99488.0
3187.5	225.0	30.0	99713.0
3195.0	261.0	34.8	99974.0
3202.5	243.0	32.4	100217.0
3210.0	223.0	29.733333333333334	100440.0
3217.5	241.0	32.13333333333333	100681.0
3225.0	245.0	32.666666666666664	100926.0
3232.5	227.0	30.266666666666666	101153.0
3240.0	239.0	31.866666666666667	101392.0
3247.5	260.0	34.666666666666664	101652.0
3255.0	230.0	30.666666666666668	101882.0
3262.5	235.0	31.333333333333332	102117.0
3270.0	230.0	30.666666666666668	102347.0
3277.5	249.0	33.2	102596.0
3285.0	231.0	30.8	102827.0
3292.5	225.0	30.0	103052.0
3300.0	260.0	34.666666666666664	103312.0
3307.5	266.0	35.46666666666667	103578.0
3315.0	241.0	32.13333333333333	103819.0
3322.5	234.0	31.2	104053.0
3330.0	228.0	30.4	104281.0
3337.5	237.0	31.6	104518.0
3345.0	235.0	31.333333333333332	104753.0
3352.5	220.0	29.333333333333332	104973.0
3360.0	226.0	30.133333333333333	105199.0
3367.5	230.0	30.666666666666668	105429.0
3375.0	246.0	32.8	105675.0
3382.5	205.0	27.333333333333332	105880.0
3390.0	242.0	32.266666666666666	106122.0
3397.5	255.0	34.0	106377.0
3405.0	217.0	28.933333333333334	106594.0
3412.5	238.0	31.733333333333334	106832.0
3420.0	213.0	28.4	107045.0
3427.5	218.0	29.066666666666666	107263.0
3435.0	213.0	28.4	107476.0
3442.5	253.0	33.733333333333334	107729.0
3450.0	270.0	36.0	107999.0
3457.5	255.0	34.0	108254.0
3465.0	221.0	29.466666666666665	108475.0
3472.5	233.0	31.066666666666666	108708.0
3480.0	223.0	29.733333333333334	108931.0
3487.5	261.0	34.8	109192.0
3495.0	244.0	32.53333333333333	109436.0
3502.5	250.0	33.333333333333336	109686.0
3510.0	246.0	32.8	109932.0
3517.5	224.0	29.866666666666667	110156.0
3525.0	256.0	34.13333333333333	110412.0
3532.5	243.0	32.4	110655.0
3540.0	214.0	28.533333333333335	110869.0
3547.5	232.0	30.933333333333334	111101.0
3555.0	249.0	33.2	111350.0
3562.5	254.0	33.86666666666667	111604.0
3570.0	231.0	30.8	111835.0
3577.5	217.0	28.933333333333334	112052.0
3585.0	228.0	30.4	112280.0
3592.5	237.0	31.6	112517.0
3600.0	228.0	30.4	112745.0
3607.5	232.0	30.933333333333334	112977.0
3615.0	251.0	33.46666666666667	113228.0
3622.5	253.0	33.733333333333334	113481.0
3630.0	241.0	32.13333333333333	113722.0
3637.5	255.0	34.0	113977.0
3645.0	204.0	27.2	114181.0
3652.5	240.0	32.0	114421.0
3660.0	223.0	29.733333333333334	114644.0
3667.5	229.0	30.533333333333335	114873.0
3675.0	269.0	35.86666666666667	115142.0
3682.5	241.0	32.13333333333333	115383.0
3690.0	216.0	28.8	115599.0
3697.5	217.0	28.933333333333334	115816.0
3705.0	244.0	32.53333333333333	116060.0
3712.5	275.0	36.666666666666664	116335.0
3720.0	241.0	32.13333333333333	116576.0
3727.5	239.0	31.866666666666667	116815.0
3735.0	232.0	30.933333333333334	117047.0
3742.5	246.0	32.8	117293.0
3750.0	243.0	32.4	117536.0
3757.5	257.0	34.266666666666666	117793.0
3765.0	238.0	31.733333333333334	118031.0
3772.5	229.0	30.533333333333335	118260.0
3780.0	211.0	28.133333333333333	118471.0
3787.5	249.0	33.2	118720.0
3795.0	229.0	30.533333333333335	118949.0
3802.5	227.0	30.266666666666666	119176.0
3810.0	229.0	30.533333333333335	119405.0
3817.5	262.0	34.93333333333333	119667.0
3825.0	226.0	30.133333333333333	119893.0
3832.5	249.0	33.2	120142.0
3840.0	247.0	32.93333333333333	120389.0
3847.5	256.0	34.13333333333333	120645.0
3855.0	228.0	30.4	120873.0
3862.5	237.0	31.6	121110.0
3870.0	254.0	33.86666666666667	121364.0
3877.5	231.0	30.8	121595.0
3885.0	234.0	31.2	121829.0
3892.5	232.0	30.933333333333334	122061.0
3900.0	244.0	32.53333333333333	122305.0
3907.5	231.0	30.8	122536.0
3915.0	231.0	30.8	122767.0
3922.5	224.0	29.866666666666667	122991.0
3930.0	272.0	36.266666666666666	123263.0
3937.5	231.0	30.8	123494.0
3945.0	223.0	29.733333333333334	123717.0
3952.5	246.0	32.8	123963.0
3960.0	256.0	34.13333333333333	124219.0
3967.5	229.0	30.533333333333335	124448.0
3975.0	233.0	31.066666666666666	124681.0
3982.5	257.0	34.266666666666666	124938.0
3990.0	268.0	35.733333333333334	125206.0
3997.5	227.0	30.266666666666666	125433.0
4005.0	226.0	30.133333333333333	125659.0
4012.5	250.0	33.333333333333336	125909.0
4020.0	239.0	31.866666666666667	126148.0
4027.5	248.0	33.06666666666667	126396.0
4035.0	248.0	33.06666666666667	126644.0
4042.5	248.0	33.06666666666667	126892.0
4050.0	239.0	31.866666666666667	127131.0
4057.5	226.0	30.133333333333333	127357.0
4065.0	219.0	29.2	127576.0
4072.5	257.0	34.266666666666666	127833.0
4080.0	225.0	30.0	128058.0
4087.5	260.0	34.666666666666664	128318.0
4095.0	239.0	31.866666666666667	128557.0
4102.5	207.0	27.6	128764.0
4110.0	234.0	31.2	128998.0
4117.5	270.0	36.0	129268.0
4125.0	253.0	33.733333333333334	129521.0
4132.5	256.0	34.13333333333333	129777.0
4140.0	226.0	30.133333333333333	130003.0
4147.5	213.0	28.4	130216.0
4155.0	225.0	30.0	130441.0
4162.5	230.0	30.666666666666668	130671.0
4170.0	223.0	29.733333333333334	130894.0
4177.5	259.0	34.53333333333333	131153.0
4185.0	226.0	30.133333333333333	131379.0
4192.5	241.0	32.13333333333333	131620.0
4200.0	228.0	30.4	131848.0
4207.5	241.0	32.13333333333333	132089.0
4215.0	242.0	32.266666666666666	132331.0
4222.5	223.0	29.733333333333334	132554.0
4230.0	214.0	28.533333333333335	132768.0
4237.5	266.0	35.46666666666667	133034.0
4245.0	238.0	31.733333333333334	133272.0
4252.5	242.0	32.266666666666666	133514.0
4260.0	246.0	32.8	133760.0
4267.5	223.0	29.733333333333334	133983.0
4275.0	266.0	35.46666666666667	134249.0
4282.5	225.0	30.0	134474.0
4290.0	265.0	35.333333333333336	134739.0
4297.5	218.0	29.066666666666666	134957.0
4305.0	248.0	33.06666666666667	135205.0
4312.5	240.0	32.0	135445.0
4320.0	240.0	32.0	135685.0
4327.5	216.0	28.8	135901.0
4335.0	228.0	30.4	136129.0
4342.5	209.0	27.866666666666667	136338.0
4350.0	263.0	35.06666666666667	136601.0
4357.5	226.0	30.133333333333333	136827.0
4365.0	247.0	32.93333333333333	137074.0
4372.5	238.0	31.733333333333334	137312.0
4380.0	222.0	29.6	137534.0
4387.5	245.0	32.666666666666664	137779.0
4395.0	231.0	30.8	138010.0
4402.5	228.0	30.4	138238.0
4410.0	227.0	30.266666666666666	138465.0
4417.5	268.0	35.733333333333334	138733.0
4425.0	254.0	33.86666666666667	138987.0
4432.5	250.0	33.333333333333336	139237.0
4440.0	230.0	30.666666666666668	139467.0
4447.5	242.0	32.266666666666666	139709.0
4455.0	233.0	31.066666666666666	139942.0
4462.5	241.0	32.13333333333333	140183.0
4470.0	245.0	32.666666666666664	140428.0
4477.5	258.0	34.4	140686.0
4485.0	237.0	31.6	140923.0
4492.5	213.0	28.4	141136.0
4500.0	224.0	29.866666666666667	141360.0
4507.5	213.0	28.4	141573.0
4515.0	211.0	28.133333333333333	141784.0
4522.5	223.0	29.733333333333334	142007.0
4530.0	233.0	31.066666666666666	142240.0
4537.5	219.0	29.2	142459.0
4545.0	212.0	28.266666666666666	142671.0
4552.5	223.0	29.733333333333334	142894.0
4560.0	241.0	32.13333333333333	143135.0
4567.5	241.0	32.13333333333333	143376.0
4575.0	235.0	31.333333333333332	143611.0
4582.5	237.0	31.6	143848.0
4590.0	249.0	33.2	144097.0
4597.5	243.0	32.4	144340.0
4605.0	254.0	33.86666666666667	144594.0
4612.5	228.0	30.4	144822.0
4620.0	247.0	32.93333333333333	145069.0
4627.5	240.0	32.0	145309.0
4635.0	225.0	30.0	145534.0
4642.5	212.0	28.266666666666666	145746.0
4650.0	226.0	30.133333333333333	145972.0
4657.5	235.0	31.333333333333332	146207.0
4665.0	235.0	31.333333333333332	146442.0
4672.5	223.0	29.733333333333334	146665.0
4680.0	270.0	36.0	146935.0
4687.5	238.0	31.733333333333334	147173.0
4695.0	243.0	32.4	147416.0
4702.5	215.0	28.666666666666668	147631.0
4710.0	241.0	32.13333333333333	147872.0
4717.5	242.0	32.266666666666666	148114.0
4725.0	235.0	31.333333333333332	148349.0
4732.5	210.0	28.0	148559.0
4740.0	264.0	35.2	148823.0
4747.5	249.0	33.2	149072.0
4755.0	240.0	32.0	149312.0
4762.5	245.0	32.666666666666664	149557.0
4770.0	233.0	31.066666666666666	149790.0
4777.5	232.0	30.933333333333334	150022.0
4785.0	240.0	32.0	150262.0
4792.5	234.0	31.2	150496.0
4800.0	226.0	30.133333333333333	150722.0
4807.5	225.0	30.0	150947.0
4815.0	215.0	28.666666666666668	151162.0
4822.5	253.0	33.733333333333334	151415.0
4830.0	241.0	32.13333333333333	151656.0
4837.5	258.0	34.4	151914.0
4845.0	240.0	32.0	152154.0
4852.5	228.0	30.4	152382.0
4860.0	232.0	30.933333333333334	152614.0
4867.5	250.0	33.333333333333336	152864.0
4875.0	248.0	33.06666666666667	153112.0
4882.5	224.0	29.866666666666667	153336.0
4890.0	236.0	31.466666666666665	153572.0
4897.5	209.0	27.866666666666667	153781.0
4905.0	247.0	32.93333333333333	154028.0
4912.5	240.0	32.0	154268.0
4920.0	212.0	28.266666666666666	154480.0
4927.5	230.0	30.666666666666668	154710.0
4935.0	243.0	32.4	154953.0
4942.5	245.0	32.666666666666664	155198.0
4950.0	245.0	32.666666666666664	155443.0
4957.5	255.0	34.0	155698.0
4965.0	234.0	31.2	155932.0
4972.5	247.0	32.93333333333333	156179.0
4980.0	233.0	31.066666666666666	156412.0
4987.5	253.0	33.733333333333334	156665.0
4995.0	247.0	32.93333333333333	156912.0
5002.5	220.0	29.333333333333332	157132.0
5010.0	232.0	30.933333333333334	157364.0
5017.5	223.0	29.733333333333334	157587.0
5025.0	243.0	32.4	157830.0
5032.5	256.0	34.13333333333333	158086.0
5040.0	245.0	32.666666666666664	158331.0
5047.5	244.0	32.53333333333333	158575.0
5055.0	217.0	28.933333333333334	158792.0
5062.5	218.0	29.066666666666666	159010.0
5070.0	220.0	29.333333333333332	159230.0
5077.5	239.0	31.866666666666667	159469.0
5085.0	232.0	30.933333333333334	159701.0
5092.5	222.0	29.6	159923.0
5100.0	247.0	32.93333333333333	160170.0
5107.5	231.0	30.8	160401.0
5115.0	210.0	28.0	160611.0
5122.5	239.0	31.866666666666667	160850.0
5130.0	249.0	33.2	161099.0
5137.5	248.0	33.06666666666667	161347.0
5145.0	263.0	35.06666666666667	161610.0
5152.5	264.0	35.2	161874.0
5160.0	240.0	32.0	162114.0
5167.5	235.0	31.333333333333332	162349.0
5175.0	192.0	25.6	162541.0
5182.5	236.0	31.466666666666665	162777.0
5190.0	208.0	27.733333333333334	162985.0
5197.5	240.0	32.0	163225.0
5205.0	225.0	30.0	163450.0
5212.5	203.0	27.066666666666666	163653.0
5220.0	257.0	34.266666666666666	163910.0
5227.5	233.0	31.066666666666666	164143.0
5235.0	228.0	30.4	164371.0
5242.5	235.0	31.333333333333332	164606.0
5250.0	231.0	30.8	164837.0
5257.5	238.0	31.733333333333334	165075.0
5265.0	231.0	30.8	165306.0
5272.5	243.0	32.4	165549.0
5280.0	255.0	34.0	165804.0
5287.5	244.0	32.53333333333333	166048.0
5295.0	263.0	35.06666666666667	166311.0
5302.5	232.0	30.933333333333334	166543.0
5310.0	210.0	28.0	166753.0
5317.5	262.0	34.93333333333333	167015.0
5325.0	251.0	33.46666666666667	167266.0
5332.5	218.0	29.066666666666666	167484.0
5340.0	257.0	34.266666666666666	167741.0
5347.5	240.0	32.0	167981.0
5355.0	237.0	31.6	168218.0
5362.5	234.0	31.2	168452.0
5370.0	246.0	32.8	168698.0
5377.5	226.0	30.133333333333333	168924.0
5385.0	258.0	34.4	169182.0
5392.5	251.0	33.46666666666667	169433.0
5400.0	239.0	31.866666666666667	169672.0
5407.5	253.0	33.733333333333334	169925.0
5415.0	247.0	32.93333333333333	170172.0
5422.5	219.0	29.2	170391.0
5430.0	223.0	29.733333333333334	170614.0
5437.5	224.0	29.866666666666667	170838.0
5445.0	229.0	30.533333333333335	171067.0
5452.5	223.0	29.733333333333334	171290.0
5460.0	197.0	26.266666666666666	171487.0
5467.5	230.0	30.666666666666668	171717.0
5475.0	231.0	30.8	171948.0
5482.5	231.0	30.8	172179.0
5490.0	239.0	31.866666666666667	172418.0
5497.5	231.0	30.8	172649.0
5505.0	235.0	31.333333333333332	172884.0
5512.5	232.0	30.933333333333334	173116.0
5520.0	242.0	32.266666666666666	173358.0
5527.5	239.0	31.866666666666667	173597.0
5535.0	228.0	30.4	173825.0
5542.5	242.0	32.266666666666666	174067.0
5550.0	240.0	32.0	174307.0
5557.5	212.0	28.266666666666666	174519.0
5565.0	250.0	33.333333333333336	174769.0
5572.5	231.0	30.8	175000.0
5580.0	243.0	32.4	175243.0
5587.5	232.0	30.933333333333334	175475.0
5595.0	265.0	35.333333333333336	175740.0
5602.5	215.0	28.666666666666668	175955.0
5610.0	257.0	34.266666666666666	176212.0
5617.5	248.0	33.06666666666667	176460.0
5625.0	252.0	33.6	176712.0
5632.5	232.0	30.933333333333334	176944.0
5640.0	238.0	31.733333333333334	177182.0
5647.5	227.0	30.266666666666666	177409.0
5655.0	253.0	33.733333333333334	177662.0
5662.5	237.0	31.6	177899.0
5670.0	245.0	32.666666666666664	178144.0
5677.5	243.0	32.4	178387.0
5685.0	236.0	31.466666666666665	178623.0
5692.5	239.0	31.866666666666667	178862.0
5700.0	250.0	33.333333333333336	179112.0
5707.5	239.0	31.866666666666667	179351.0
5715.0	236.0	31.466666666666665	179587.0
5722.5	244.0	32.53333333333333	179831.0
5730.0	245.0	32.666666666666664	180076.0
5737.5	265.0	35.333333333333336	180341.0
5745.0	228.0	30.4	180569.0
5752.5	212.0	28.266666666666666	180781.0
5760.0	219.0	29.2	181000.0
5767.5	231.0	30.8	181231.0
5775.0	211.0	28.133333333333333	181442.0
5782.5	225.0	30.0	181667.0
5790.0	234.0	31.2	181901.0
5797.5	225.0	30.0	182126.0
5805.0	247.0	32.93333333333333	182373.0
5812.5	256.0	34.13333333333333	182629.0
5820.0	222.0	29.6	182851.0
5827.5	245.0	32.666666666666664	183096.0
5835.0	212.0	28.266666666666666	183308.0
5842.5	226.0	30.133333333333333	183534.0
5850.0	261.0	34.8	183795.0
5857.5	214.0	28.533333333333335	184009.0
5865.0	250.0	33.333333333333336	184259.0
5872.5	218.0	29.066666666666666	184477.0
5880.0	243.0	32.4	184720.0
5887.5	242.0	32.266666666666666	184962.0
5895.0	234.0	31.2	185196.0
5902.5	237.0	31.6	185433.0
5910.0	243.0	32.4	185676.0
5917.5	246.0	32.8	185922.0
5925.0	232.0	30.933333333333334	186154.0
5932.5	243.0	32.4	186397.0
5940.0	251.0	33.46666666666667	186648.0
5947.5	231.0	30.8	186879.0
5955.0	215.0	28.666666666666668	187094.0
5962.5	232.0	30.933333333333334	187326.0
5970.0	222.0	29.6	187548.0
5977.5	248.0	33.06666666666667	187796.0
5985.0	232.0	30.933333333333334	188028.0
5992.5	239.0	31.866666666666667	188267.0
6000.0	220.0	29.333333333333332	188487.0
6007.5	237.0	31.6	188724.0
6015.0	225.0	30.0	188949.0
6022.5	229.0	30.533333333333335	189178.0
6030.0	220.0	29.333333333333332	189398.0
6037.5	248.0	33.06666666666667	189646.0
6045.0	257.0	34.266666666666666	189903.0
6052.5	223.0	29.733333333333334	190126.0
6060.0	222.0	29.6	190348.0
6067.5	229.0	30.533333333333335	190577.0
6075.0	268.0	35.733333333333334	190845.0
6082.5	217.0	28.933333333333334	191062.0
6090.0	242.0	32.266666666666666	191304.0
6097.5	230.0	30.666666666666668	191534.0
6105.0	228.0	30.4	191762.0
6112.5	259.0	34.53333333333333	192021.0
6120.0	239.0	31.866666666666667	192260.0
6127.5	221.0	29.466666666666665	192481.0
6135.0	207.0	27.6	192688.0
6142.5	250.0	33.333333333333336	192938.0
6150.0	248.0	33.06666666666667	193186.0
6157.5	244.0	32.53333333333333	193430.0
6165.0	220.0	29.333333333333332	193650.0
6172.5	231.0	30.8	193881.0
6180.0	230.0	30.666666666666668	194111.0
6187.5	232.0	30.933333333333334	194343.0
6195.0	239.0	31.866666666666667	194582.0
6202.5	246.0	32.8	194828.0
6210.0	248.0	33.06666666666667	195076.0
6217.5	227.0	30.266666666666666	195303.0
6225.0	231.0	30.8	195534.0
6232.5	198.0	26.4	195732.0
6240.0	228.0	30.4	195960.0
6247.5	228.0	30.4	196188.0
6255.0	236.0	31.466666666666665	196424.0
6262.5	256.0	34.13333333333333	196680.0
6270.0	262.0	34.93333333333333	196942.0
6277.5	256.0	34.13333333333333	197198.0
6285.0	259.0	34.53333333333333	197457.0
6292.5	258.0	34.4	197715.0
6300.0	255.0	34.0	197970.0
6307.5	200.0	26.666666666666668	198170.0
6315.0	239.0	31.866666666666667	198409.0
6322.5	240.0	32.0	198649.0
6330.0	243.0	32.4	198892.0
6337.5	223.0	29.733333333333334	199115.0
6345.0	261.0	34.8	199376.0
6352.5	225.0	30.0	199601.0
6360.0	235.0	31.333333333333332	199836.0
6367.5	226.0	30.133333333333333	200062.0
6375.0	229.0	30.533333333333335	200291.0
6382.5	202.0	26.933333333333334	200493.0
6390.0	230.0	30.666666666666668	200723.0
6397.5	222.0	29.6	200945.0
6405.0	235.0	31.333333333333332	201180.0
6412.5	251.0	33.46666666666667	201431.0
6420.0	238.0	31.733333333333334	201669.0
6427.5	239.0	31.866666666666667	201908.0
6435.0	236.0	31.466666666666665	202144.0
6442.5	231.0	30.8	202375.0
6450.0	223.0	29.733333333333334	202598.0
6457.5	249.0	33.2	202847.0
6465.0	264.0	35.2	203111.0
6472.5	210.0	28.0	203321.0
6480.0	239.0	31.866666666666667	203560.0
6487.5	224.0	29.866666666666667	203784.0
6495.0	238.0	31.733333333333334	204022.0
6502.5	234.0	31.2	204256.0
6510.0	243.0	32.4	204499.0
6517.5	242.0	32.266666666666666	204741.0
6525.0	241.0	32.13333333333333	204982.0
6532.5	225.0	30.0	205207.0
6540.0	254.0	33.86666666666667	205461.0
6547.5	231.0	30.8	205692.0
6555.0	230.0	30.666666666666668	205922.0
6562.5	239.0	31.866666666666667	206161.0
6570.0	239.0	31.866666666666667	206400.0
6577.5	240.0	32.0	206640.0
6585.0	226.0	30.133333333333333	206866.0
6592.5	222.0	29.6	207088.0
6600.0	258.0	34.4	207346.0
6607.5	226.0	30.133333333333333	207572.0
6615.0	265.0	35.333333333333336	207837.0
6622.5	234.0	31.2	208071.0
6630.0	234.0	31.2	208305.0
6637.5	204.0	27.2	208509.0
6645.0	244.0	32.53333333333333	208753.0
6652.5	258.0	34.4	209011.0
6660.0	241.0	32.13333333333333	209252.0
6667.5	232.0	30.933333333333334	209484.0
6675.0	223.0	29.733333333333334	209707.0
6682.5	258.0	34.4	209965.0
6690.0	244.0	32.53333333333333	210209.0
6697.5	264.0	35.2	210473.0
6705.0	245.0	32.666666666666664	210718.0
6712.5	235.0	31.333333333333332	210953.0
6720.0	259.0	34.53333333333333	211212.0
6727.5	222.0	29.6	211434.0
6735.0	222.0	29.6	211656.0
6742.5	248.0	33.06666666666667	211904.0
6750.0	238.0	31.733333333333334	212142.0
6757.5	275.0	36.666666666666664	212417.0
6765.0	247.0	32.93333333333333	212664.0
6772.5	249.0	33.2	212913.0
6780.0	224.0	29.866666666666667	213137.0
6787.5	239.0	31.866666666666667	213376.0
6795.0	255.0	34.0	213631.0
6802.5	243.0	32.4	213874.0
6810.0	243.0	32.4	214117.0
6817.5	230.0	30.666666666666668	214347.0
6825.0	237.0	31.6	214584.0
6832.5	228.0	30.4	214812.0
6840.0	240.0	32.0	215052.0
6847.5	226.0	30.133333333333333	215278.0
6855.0	219.0	29.2	215497.0
6862.5	241.0	32.13333333333333	215738.0
6870.0	233.0	31.066666666666666	215971.0
6877.5	226.0	30.133333333333333	216197.0
6885.0	226.0	30.133333333333333	216423.0
6892.5	237.0	31.6	216660.0
6900.0	219.0	29.2	216879.0
6907.5	229.0	30.533333333333335	217108.0
6915.0	271.0	36.13333333333333	217379.0
6922.5	223.0	29.733333333333334	217602.0
6930.0	205.0	27.333333333333332	217807.0
6937.5	267.0	35.6	218074.0
6945.0	252.0	33.6	218326.0
6952.5	236.0	31.466666666666665	218562.0
6960.0	220.0	29.333333333333332	218782.0
6967.5	222.0	29.6	219004.0
6975.0	228.0	30.4	219232.0
6982.5	248.0	33.06666666666667	219480.0
6990.0	264.0	35.2	219744.0
6997.5	236.0	31.466666666666665	219980.0
7005.0	243.0	32.4	220223.0
7012.5	231.0	30.8	220454.0
7020.0	252.0	33.6	220706.0
7027.5	231.0	30.8	220937.0
7035.0	243.0	32.4	221180.0
7042.5	246.0	32.8	221426.0
7050.0	244.0	32.53333333333333	221670.0
7057.5	267.0	35.6	221937.0
7065.0	224.0	29.866666666666667	222161.0
7072.5	225.0	30.0	222386.0
7080.0	243.0	32.4	222629.0
7087.5	241.0	32.13333333333333	222870.0
7095.0	213.0	28.4	223083.0
7102.5	237.0	31.6	223320.0
7110.0	229.0	30.533333333333335	223549.0
7117.5	249.0	33.2	223798.0
7125.0	251.0	33.46666666666667	224049.0
7132.5	274.0	36.53333333333333	224323.0
7140.0	208.0	27.733333333333334	224531.0
7147.5	228.0	30.4	224759.0
7155.0	246.0	32.8	225005.0
7162.5	211.0	28.133333333333333	225216.0
7170.0	223.0	29.733333333333334	225439.0
7177.5	229.0	30.533333333333335	225668.0
7185.0	261.0	34.8	225929.0
7192.5	257.0	34.266666666666666	226186.0
7200.0	230.0	30.666666666666668	226416.0
7207.5	229.0	30.533333333333335	226645.0
7215.0	245.0	32.666666666666664	226890.0
7222.5	243.0	32.4	227133.0
7230.0	233.0	31.066666666666666	227366.0
7237.5	279.0	37.2	227645.0
7245.0	247.0	32.93333333333333	227892.0
7252.5	246.0	32.8	228138.0
7260.0	223.0	29.733333333333334	228361.0
7267.5	252.0	33.6	228613.0
7275.0	226.0	30.133333333333333	228839.0
7282.5	260.0	34.666666666666664	229099.0
7290.0	226.0	30.133333333333333	229325.0
7297.5	217.0	28.933333333333334	229542.0
7305.0	244.0	32.53333333333333	229786.0
7312.5	251.0	33.46666666666667	230037.0
7320.0	214.0	28.533333333333335	230251.0
7327.5	253.0	33.733333333333334	230504.0
7335.0	248.0	33.06666666666667	230752.0
7342.5	249.0	33.2	231001.0
7350.0	258.0	34.4	231259.0
7357.5	223.0	29.733333333333334	231482.0
7365.0	247.0	32.93333333333333	231729.0
7372.5	259.0	34.53333333333333	231988.0
7380.0	241.0	32.13333333333333	232229.0
7387.5	239.0	31.866666666666667	232468.0
7395.0	225.0	30.0	232693.0
7402.5	218.0	29.066666666666666	232911.0
7410.0	261.0	34.8	233172.0
7417.5	237.0	31.6	233409.0
7425.0	233.0	31.066666666666666	233642.0
7432.5	232.0	30.933333333333334	233874.0
7440.0	249.0	33.2	234123.0
7447.5	231.0	30.8	234354.0
7455.0	253.0	33.733333333333334	234607.0
7462.5	225.0	30.0	234832.0
7470.0	221.0	29.466666666666665	235053.0
7477.5	207.0	27.6	235260.0
7485.0	237.0	31.6	235497.0
7492.5	279.0	37.2	235776.0
7500.0	244.0	32.53333333333333	236020.0
7507.5	224.0	29.866666666666667	236244.0
7515.0	238.0	31.733333333333334	236482.0
7522.5	238.0	31.733333333333334	236720.0
7530.0	229.0	30.533333333333335	236949.0
7537.5	235.0	31.333333333333332	237184.0
7545.0	239.0	31.866666666666667	237423.0
7552.5	239.0	31.866666666666667	237662.0
7560.0	242.0	32.266666666666666	237904.0
7567.5	246.0	32.8	238150.0
7575.0	250.0	33.333333333333336	238400.0
7582.5	223.0	29.733333333333334	238623.0
7590.0	246.0	32.8	238869.0
7597.5	240.0	32.0	239109.0
7605.0	255.0	34.0	239364.0
7612.5	261.0	34.8	239625.0
7620.0	232.0	30.933333333333334	239857.0
7627.5	236.0	31.466666666666665	240093.0
7635.0	215.0	28.666666666666668	240308.0
7642.5	235.0	31.333333333333332	240543.0
7650.0	238.0	31.733333333333334	240781.0
7657.5	262.0	34.93333333333333	241043.0
7665.0	232.0	30.933333333333334	241275.0
7672.5	270.0	36.0	241545.0
7680.0	234.0	31.2	241779.0
7687.5	245.0	32.666666666666664	242024.0
7695.0	261.0	34.8	242285.0
7702.5	238.0	31.733333333333334	242523.0
7710.0	254.0	33.86666666666667	242777.0
7717.5	246.0	32.8	243023.0
7725.0	260.0	34.666666666666664	243283.0
7732.5	257.0	34.266666666666666	243540.0
7740.0	204.0	27.2	243744.0
7747.5	229.0	30.533333333333335	243973.0
7755.0	244.0	32.53333333333333	244217.0
7762.5	219.0	29.2	244436.0
7770.0	271.0	36.13333333333333	244707.0
7777.5	236.0	31.466666666666665	244943.0
7785.0	204.0	27.2	245147.0
7792.5	244.0	32.53333333333333	245391.0
7800.0	224.0	29.866666666666667	245615.0
7807.5	251.0	33.46666666666667	245866.0
7815.0	231.0	30.8	246097.0
7822.5	236.0	31.466666666666665	246333.0
7830.0	237.0	31.6	246570.0
7837.5	242.0	32.266666666666666	246812.0
7845.0	248.0	33.06666666666667	247060.0
7852.5	243.0	32.4	247303.0
7860.0	270.0	36.0	247573.0
7867.5	231.0	30.8	247804.0
7875.0	240.0	32.0	248044.0
7882.5	217.0	28.933333333333334	248261.0
7890.0	258.0	34.4	248519.0
7897.5	263.0	35.06666666666667	248782.0
7905.0	240.0	32.0	249022.0
7912.5	231.0	30.8	249253.0
7920.0	231.0	30.8	249484.0
7927.5	269.0	35.86666666666667	249753.0
7935.0	221.0	29.466666666666665	249974.0
7942.5	266.0	35.46666666666667	250240.0
7950.0	247.0	32.93333333333333	250487.0
7957.5	243.0	32.4	250730.0
7965.0	252.0	33.6	250982.0
7972.5	251.0	33.46666666666667	251233.0
7980.0	218.0	29.066666666666666	251451.0
7987.5	223.0	29.733333333333334	251674.0
7995.0	211.0	28.133333333333333	251885.0
8002.5	251.0	33.46666666666667	252136.0
8010.0	254.0	33.86666666666667	252390.0
8017.5	238.0	31.733333333333334	252628.0
8025.0	243.0	32.4	252871.0
8032.5	249.0	33.2	253120.0
8040.0	246.0	32.8	253366.0
8047.5	240.0	32.0	253606.0
8055.0	246.0	32.8	253852.0
8062.5	258.0	34.4	254110.0
8070.0	253.0	33.733333333333334	254363.0
8077.5	272.0	36.266666666666666	254635.0
8085.0	235.0	31.333333333333332	254870.0
8092.5	240.0	32.0	255110.0
8100.0	231.0	30.8	255341.0
8107.5	223.0	29.733333333333334	255564.0
8115.0	240.0	32.0	255804.0
8122.5	233.0	31.066666666666666	256037.0
8130.0	233.0	31.066666666666666	256270.0
8137.5	237.0	31.6	256507.0
8145.0	220.0	29.333333333333332	256727.0
8152.5	242.0	32.266666666666666	256969.0
8160.0	243.0	32.4	257212.0
8167.5	275.0	36.666666666666664	257487.0
8175.0	226.0	30.133333333333333	257713.0
8182.5	242.0	32.266666666666666	257955.0
8190.0	246.0	32.8	258201.0
8197.5	244.0	32.53333333333333	258445.0
8205.0	231.0	30.8	258676.0
8212.5	229.0	30.533333333333335	258905.0
8220.0	243.0	32.4	259148.0
8227.5	224.0	29.866666666666667	259372.0
8235.0	269.0	35.86666666666667	259641.0
8242.5	246.0	32.8	259887.0
8250.0	214.0	28.533333333333335	260101.0
8257.5	197.0	26.266666666666666	260298.0
8265.0	241.0	32.13333333333333	260539.0
8272.5	232.0	30.933333333333334	260771.0
8280.0	229.0	30.533333333333335	261000.0
8287.5	244.0	32.53333333333333	261244.0
8295.0	215.0	28.666666666666668	261459.0
8302.5	237.0	31.6	261696.0
8310.0	251.0	33.46666666666667	261947.0
8317.5	234.0	31.2	262181.0
8325.0	235.0	31.333333333333332	262416.0
8332.5	235.0	31.333333333333332	262651.0
8340.0	226.0	30.133333333333333	262877.0
8347.5	249.0	33.2	263126.0
8355.0	227.0	30.266666666666666	263353.0
8362.5	249.0	33.2	263602.0
8370.0	242.0	32.266666666666666	263844.0
8377.5	232.0	30.933333333333334	264076.0
8385.0	238.0	31.733333333333334	264314.0
8392.5	219.0	29.2	264533.0
8400.0	236.0	31.466666666666665	264769.0
8407.5	243.0	32.4	265012.0
8415.0	234.0	31.2	265246.0
8422.5	247.0	32.93333333333333	265493.0
8430.0	258.0	34.4	265751.0
8437.5	256.0	34.13333333333333	266007.0
8445.0	211.0	28.133333333333333	266218.0
8452.5	244.0	32.53333333333333	266462.0
8460.0	227.0	30.266666666666666	266689.0
8467.5	224.0	29.866666666666667	266913.0
8475.0	256.0	34.13333333333333	267169.0
8482.5	240.0	32.0	267409.0
8490.0	272.0	36.266666666666666	267681.0
8497.5	200.0	26.666666666666668	267881.0
8505.0	241.0	32.13333333333333	268122.0
8512.5	230.0	30.666666666666668	268352.0
8520.0	221.0	29.466666666666665	268573.0
8527.5	224.0	29.866666666666667	268797.0
8535.0	254.0	33.86666666666667	269051.0
8542.5	239.0	31.866666666666667	269290.0
8550.0	228.0	30.4	269518.0
8557.5	222.0	29.6	269740.0
8565.0	242.0	32.266666666666666	269982.0
8572.5	251.0	33.46666666666667	270233.0
8580.0	253.0	33.733333333333334	270486.0
8587.5	259.0	34.53333333333333	270745.0
8595.0	234.0	31.2	270979.0
8602.5	252.0	33.6	271231.0
8610.0	254.0	33.86666666666667	271485.0
8617.5	237.0	31.6	271722.0
8625.0	238.0	31.733333333333334	271960.0
8632.5	261.0	34.8	272221.0
8640.0	232.0	30.933333333333334	272453.0
8647.5	241.0	32.13333333333333	272694.0
8655.0	255.0	34.0	272949.0
8662.5	227.0	30.266666666666666	273176.0
8670.0	237.0	31.6	273413.0
8677.5	225.0	30.0	273638.0
8685.0	243.0	32.4	273881.0
8692.5	238.0	31.733333333333334	274119.0
8700.0	227.0	30.266666666666666	274346.0
8707.5	233.0	31.066666666666666	274579.0
8715.0	246.0	32.8	274825.0
8722.5	261.0	34.8	275086.0
8730.0	237.0	31.6	275323.0
8737.5	251.0	33.46666666666667	275574.0
8745.0	229.0	30.533333333333335	275803.0
8752.5	243.0	32.4	276046.0
8760.0	244.0	32.53333333333333	276290.0
8767.5	231.0	30.8	276521.0
8775.0	224.0	29.866666666666667	276745.0
8782.5	242.0	32.266666666666666	276987.0
8790.0	255.0	34.0	277242.0
8797.5	257.0	34.266666666666666	277499.0
8805.0	237.0	31.6	277736.0
8812.5	253.0	33.733333333333334	277989.0
8820.0	226.0	30.133333333333333	278215.0
8827.5	229.0	30.533333333333335	278444.0
8835.0	261.0	34.8	278705.0
8842.5	224.0	29.866666666666667	278929.0
8850.0	233.0	31.066666666666666	279162.0
8857.5	227.0	30.266666666666666	279389.0
8865.0	235.0	31.333333333333332	279624.0
8872.5	235.0	31.333333333333332	279859.0
8880.0	244.0	32.53333333333333	280103.0
8887.5	249.0	33.2	280352.0
8895.0	231.0	30.8	280583.0
8902.5	249.0	33.2	280832.0
8910.0	250.0	33.333333333333336	281082.0
8917.5	236.0	31.466666666666665	281318.0
8925.0	204.0	27.2	281522.0
8932.5	264.0	35.2	281786.0
8940.0	278.0	37.06666666666667	282064.0
8947.5	227.0	30.266666666666666	282291.0
8955.0	214.0	28.533333333333335	282505.0
8962.5	223.0	29.733333333333334	282728.0
8970.0	253.0	33.733333333333334	282981.0
8977.5	247.0	32.93333333333333	283228.0
8985.0	228.0	30.4	283456.0
8992.5	236.0	31.466666666666665	283692.0
9000.0	227.0	30.266666666666666	283919.0
9007.5	221.0	29.466666666666665	284140.0
9015.0	214.0	28.533333333333335	284354.0
9022.5	232.0	30.933333333333334	284586.0
9030.0	213.0	28.4	284799.0
9037.5	235.0	31.333333333333332	285034.0
9045.0	230.0	30.666666666666668	285264.0
9052.5	231.0	30.8	285495.0
9060.0	240.0	32.0	285735.0
9067.5	247.0	32.93333333333333	285982.0
9075.0	240.0	32.0	286222.0
9082.5	236.0	31.466666666666665	286458.0
9090.0	239.0	31.866666666666667	286697.0
9097.5	252.0	33.6	286949.0
9105.0	226.0	30.133333333333333	287175.0
9112.5	233.0	31.066666666666666	287408.0
9120.0	199.0	26.533333333333335	287607.0
9127.5	225.0	30.0	287832.0
9135.0	242.0	32.266666666666666	288074.0
9142.5	252.0	33.6	288326.0
9150.0	212.0	28.266666666666666	288538.0
9157.5	242.0	32.266666666666666	288780.0
9165.0	226.0	30.133333333333333	289006.0
9172.5	236.0	31.466666666666665	289242.0
9180.0	224.0	29.866666666666667	289466.0
9187.5	255.0	34.0	289721.0
9195.0	239.0	31.866666666666667	289960.0
9202.5	250.0	33.333333333333336	290210.0
9210.0	243.0	32.4	290453.0
9217.5	298.0	39.733333333333334	290751.0
9225.0	265.0	35.333333333333336	291016.0
9232.5	251.0	33.46666666666667	291267.0
9240.0	241.0	32.13333333333333	291508.0
9247.5	240.0	32.0	291748.0
9255.0	248.0	33.06666666666667	291996.0
9262.5	257.0	34.266666666666666	292253.0
9270.0	259.0	34.53333333333333	292512.0
9277.5	230.0	30.666666666666668	292742.0
9285.0	222.0	29.6	292964.0
9292.5	240.0	32.0	293204.0
9300.0	237.0	31.6	293441.0
9307.5	247.0	32.93333333333333	293688.0
9315.0	224.0	29.866666666666667	293912.0
9322.5	232.0	30.933333333333334	294144.0
9330.0	220.0	29.333333333333332	294364.0
9337.5	225.0	30.0	294589.0
9345.0	230.0	30.666666666666668	294819.0
9352.5	253.0	33.733333333333334	295072.0
9360.0	235.0	31.333333333333332	295307.0
9367.5	258.0	34.4	295565.0
9375.0	247.0	32.93333333333333	295812.0
9382.5	221.0	29.466666666666665	296033.0
9390.0	231.0	30.8	296264.0
9397.5	243.0	32.4	296507.0
9405.0	262.0	34.93333333333333	296769.0
9412.5	245.0	32.666666666666664	297014.0
9420.0	233.0	31.066666666666666	297247.0
9427.5	244.0	32.53333333333333	297491.0
9435.0	229.0	30.533333333333335	297720.0
9442.5	250.0	33.333333333333336	297970.0
9450.0	232.0	30.933333333333334	298202.0
9457.5	219.0	29.2	298421.0
9465.0	279.0	37.2	298700.0
9472.5	297.0	39.6	298997.0
9480.0	218.0	29.066666666666666	299215.0
9487.5	250.0	33.333333333333336	299465.0
9495.0	257.0	34.266666666666666	299722.0
9502.5	223.0	29.733333333333334	299945.0
9510.0	218.0	29.066666666666666	300163.0
9517.5	269.0	35.86666666666667	300432.0
9525.0	239.0	31.866666666666667	300671.0
9532.5	246.0	32.8	300917.0
9540.0	213.0	28.4	301130.0
9547.5	262.0	34.93333333333333	301392.0
9555.0	242.0	32.266666666666666	301634.0
9562.5	238.0	31.733333333333334	301872.0
9570.0	240.0	32.0	302112.0
9577.5	251.0	33.46666666666667	302363.0
9585.0	229.0	30.533333333333335	302592.0
9592.5	248.0	33.06666666666667	302840.0
9600.0	246.0	32.8	303086.0
9607.5	241.0	32.13333333333333	303327.0
9615.0	267.0	35.6	303594.0
9622.5	214.0	28.533333333333335	303808.0
9630.0	216.0	28.8	304024.0
9637.5	241.0	32.13333333333333	304265.0
9645.0	247.0	32.93333333333333	304512.0
9652.5	221.0	29.466666666666665	304733.0
9660.0	247.0	32.93333333333333	304980.0
9667.5	225.0	30.0	305205.0
9675.0	249.0	33.2	305454.0
9682.5	240.0	32.0	305694.0
9690.0	276.0	36.8	305970.0
9697.5	258.0	34.4	306228.0
9705.0	251.0	33.46666666666667	306479.0
9712.5	250.0	33.333333333333336	306729.0
9720.0	233.0	31.066666666666666	306962.0
9727.5	230.0	30.666666666666668	307192.0
9735.0	253.0	33.733333333333334	307445.0
9742.5	241.0	32.13333333333333	307686.0
9750.0	239.0	31.866666666666667	307925.0
9757.5	229.0	30.533333333333335	308154.0
9765.0	230.0	30.666666666666668	308384.0
9772.5	205.0	27.333333333333332	308589.0
9780.0	248.0	33.06666666666667	308837.0
9787.5	241.0	32.13333333333333	309078.0
9795.0	245.0	32.666666666666664	309323.0
9802.5	255.0	34.0	309578.0
9810.0	218.0	29.066666666666666	309796.0
9817.5	242.0	32.266666666666666	310038.0
9825.0	239.0	31.866666666666667	310277.0
9832.5	240.0	32.0	310517.0
9840.0	259.0	34.53333333333333	310776.0
9847.5	257.0	34.266666666666666	311033.0
9855.0	208.0	27.733333333333334	311241.0
9862.5	236.0	31.466666666666665	311477.0
9870.0	253.0	33.733333333333334	311730.0
9877.5	214.0	28.533333333333335	311944.0
9885.0	254.0	33.86666666666667	312198.0
9892.5	253.0	33.733333333333334	312451.0
9900.0	260.0	34.666666666666664	312711.0
9907.5	228.0	30.4	312939.0
9915.0	225.0	30.0	313164.0
9922.5	252.0	33.6	313416.0
9930.0	229.0	30.533333333333335	313645.0
9937.5	217.0	28.933333333333334	313862.0
9945.0	239.0	31.866666666666667	314101.0
9952.5	238.0	31.733333333333334	314339.0
9960.0	230.0	30.666666666666668	314569.0
9967.5	235.0	31.333333333333332	314804.0
9975.0	238.0	31.733333333333334	315042.0
9982.5	237.0	31.6	315279.0
9990.0	228.0	30.4	315507.0
9997.5	210.0	28.0	315717.0
10005.0	246.0	32.8	315963.0
10012.5	231.0	30.8	316194.0
10020.0	255.0	34.0	316449.0
10027.5	234.0	31.2	316683.0
10035.0	245.0	32.666666666666664	316928.0
10042.5	223.0	29.733333333333334	317151.0
10050.0	232.0	30.933333333333334	317383.0
10057.5	242.0	32.266666666666666	317625.0
10065.0	227.0	30.266666666666666	317852.0
10072.5	265.0	35.333333333333336	318117.0
10080.0	231.0	30.8	318348.0
10087.5	247.0	32.93333333333333	318595.0
10095.0	218.0	29.066666666666666	318813.0
10102.5	257.0	34.266666666666666	319070.0
10110.0	241.0	32.13333333333333	319311.0
10117.5	239.0	31.866666666666667	319550.0
10125.0	240.0	32.0	319790.0
10132.5	230.0	30.666666666666668	320020.0
10140.0	245.0	32.666666666666664	320265.0
10147.5	260.0	34.666666666666664	320525.0
10155.0	230.0	30.666666666666668	320755.0
10162.5	249.0	33.2	321004.0
10170.0	237.0	31.6	321241.0
10177.5	234.0	31.2	321475.0
10185.0	248.0	33.06666666666667	321723.0
10192.5	223.0	29.733333333333334	321946.0
10200.0	233.0	31.066666666666666	322179.0
10207.5	229.0	30.533333333333335	322408.0
10215.0	244.0	32.53333333333333	322652.0
10222.5	234.0	31.2	322886.0
10230.0	240.0	32.0	323126.0
10237.5	242.0	32.266666666666666	323368.0
10245.0	237.0	31.6	323605.0
10252.5	253.0	33.733333333333334	323858.0
10260.0	233.0	31.066666666666666	324091.0
10267.5	237.0	31.6	324328.0
10275.0	232.0	30.933333333333334	324560.0
10282.5	208.0	27.733333333333334	324768.0
10290.0	270.0	36.0	325038.0
10297.5	237.0	31.6	325275.0
10305.0	262.0	34.93333333333333	325537.0
10312.5	247.0	32.93333333333333	325784.0
10320.0	242.0	32.266666666666666	326026.0
10327.5	249.0	33.2	326275.0
10335.0	204.0	27.2	326479.0
10342.5	254.0	33.86666666666667	326733.0
10350.0	222.0	29.6	326955.0
10357.5	268.0	35.733333333333334	327223.0
10365.0	218.0	29.066666666666666	327441.0
10372.5	222.0	29.6	327663.0
10380.0	232.0	30.933333333333334	327895.0
10387.5	257.0	34.266666666666666	328152.0
10395.0	240.0	32.0	328392.0
10402.5	242.0	32.266666666666666	328634.0
10410.0	231.0	30.8	328865.0
10417.5	243.0	32.4	329108.0
10425.0	228.0	30.4	329336.0
10432.5	220.0	29.333333333333332	329556.0
10440.0	233.0	31.066666666666666	329789.0
10447.5	243.0	32.4	330032.0
10455.0	250.0	33.333333333333336	330282.0
10462.5	223.0	29.733333333333334	330505.0
10470.0	244.0	32.53333333333333	330749.0
10477.5	264.0	35.2	331013.0
10485.0	213.0	28.4	331226.0
10492.5	235.0	31.333333333333332	331461.0
10500.0	246.0	32.8	331707.0
10507.5	236.0	31.466666666666665	331943.0
10515.0	231.0	30.8	332174.0
10522.5	246.0	32.8	332420.0
10530.0	210.0	28.0	332630.0
10537.5	223.0	29.733333333333334	332853.0
10545.0	233.0	31.066666666666666	333086.0
10552.5	225.0	30.0	333311.0
10560.0	249.0	33.2	333560.0
10567.5	266.0	35.46666666666667	333826.0
10575.0	201.0	26.8	334027.0
10582.5	242.0	32.266666666666666	334269.0
10590.0	216.0	28.8	334485.0
10597.5	246.0	32.8	334731.0
10605.0	249.0	33.2	334980.0
10612.5	260.0	34.666666666666664	335240.0
10620.0	246.0	32.8	335486.0
10627.5	264.0	35.2	335750.0
10635.0	240.0	32.0	335990.0
10642.5	244.0	32.53333333333333	336234.0
10650.0	221.0	29.466666666666665	336455.0
10657.5	243.0	32.4	336698.0
10665.0	215.0	28.666666666666668	336913.0
10672.5	292.0	38.93333333333333	337205.0
10680.0	265.0	35.333333333333336	337470.0
10687.5	229.0	30.533333333333335	337699.0
10695.0	245.0	32.666666666666664	337944.0
10702.5	256.0	34.13333333333333	338200.0
10710.0	212.0	28.266666666666666	338412.0
10717.5	204.0	27.2	338616.0
10725.0	256.0	34.13333333333333	338872.0
10732.5	242.0	32.266666666666666	339114.0
10740.0	222.0	29.6	339336.0
10747.5	249.0	33.2	339585.0
10755.0	213.0	28.4	339798.0
10762.5	232.0	30.933333333333334	340030.0
10770.0	223.0	29.733333333333334	340253.0
10777.5	233.0	31.066666666666666	340486.0
10785.0	243.0	32.4	340729.0
10792.5	274.0	36.53333333333333	341003.0
10800.0	232.0	30.933333333333334	341235.0
10807.5	220.0	29.333333333333332	341455.0
10815.0	239.0	31.866666666666667	341694.0
10822.5	216.0	28.8	341910.0
10830.0	250.0	33.333333333333336	342160.0
10837.5	230.0	30.666666666666668	342390.0
10845.0	241.0	32.13333333333333	342631.0
10852.5	229.0	30.533333333333335	342860.0
10860.0	211.0	28.133333333333333	343071.0
10867.5	212.0	28.266666666666666	343283.0
10875.0	212.0	28.266666666666666	343495.0
10882.5	262.0	34.93333333333333	343757.0
10890.0	246.0	32.8	344003.0
10897.5	239.0	31.866666666666667	344242.0
10905.0	222.0	29.6	344464.0
10912.5	234.0	31.2	344698.0
10920.0	210.0	28.0	344908.0
10927.5	229.0	30.533333333333335	345137.0
10935.0	263.0	35.06666666666667	345400.0
10942.5	226.0	30.133333333333333	345626.0
10950.0	251.0	33.46666666666667	345877.0
10957.5	239.0	31.866666666666667	346116.0
10965.0	245.0	32.666666666666664	346361.0
10972.5	234.0	31.2	346595.0
10980.0	249.0	33.2	346844.0
10987.5	255.0	34.0	347099.0
10995.0	232.0	30.933333333333334	347331.0
11002.5	225.0	30.0	347556.0
11010.0	214.0	28.533333333333335	347770.0
11017.5	244.0	32.53333333333333	348014.0
11025.0	235.0	31.333333333333332	348249.0
11032.5	219.0	29.2	348468.0
11040.0	226.0	30.133333333333333	348694.0
11047.5	232.0	30.933333333333334	348926.0
11055.0	261.0	34.8	349187.0
11062.5	245.0	32.666666666666664	349432.0
11070.0	213.0	28.4	349645.0
11077.5	230.0	30.666666666666668	349875.0
11085.0	262.0	34.93333333333333	350137.0
11092.5	239.0	31.866666666666667	350376.0
11100.0	228.0	30.4	350604.0
11107.5	252.0	33.6	350856.0
11115.0	224.0	29.866666666666667	351080.0
11122.5	242.0	32.266666666666666	351322.0
11130.0	230.0	30.666666666666668	351552.0
11137.5	249.0	33.2	351801.0
11145.0	225.0	30.0	352026.0
11152.5	259.0	34.53333333333333	352285.0
11160.0	255.0	34.0	352540.0
11167.5	255.0	34.0	352795.0
11175.0	248.0	33.06666666666667	353043.0
11182.5	230.0	30.666666666666668	353273.0
11190.0	234.0	31.2	353507.0
11197.5	226.0	30.133333333333333	353733.0
11205.0	240.0	32.0	353973.0
11212.5	220.0	29.333333333333332	354193.0
11220.0	220.0	29.333333333333332	354413.0
11227.5	249.0	33.2	354662.0
11235.0	251.0	33.46666666666667	354913.0
11242.5	211.0	28.133333333333333	355124.0
11250.0	254.0	33.86666666666667	355378.0
11257.5	246.0	32.8	355624.0
11265.0	241.0	32.13333333333333	355865.0
11272.5	245.0	32.666666666666664	356110.0
11280.0	229.0	30.533333333333335	356339.0
11287.5	230.0	30.666666666666668	356569.0
11295.0	238.0	31.733333333333334	356807.0
11302.5	238.0	31.733333333333334	357045.0
11310.0	227.0	30.266666666666666	357272.0
11317.5	224.0	29.866666666666667	357496.0
11325.0	217.0	28.933333333333334	357713.0
11332.5	244.0	32.53333333333333	357957.0
11340.0	218.0	29.066666666666666	358175.0
11347.5	267.0	35.6	358442.0
11355.0	258.0	34.4	358700.0
11362.5	261.0	34.8	358961.0
11370.0	237.0	31.6	359198.0
11377.5	215.0	28.666666666666668	359413.0
11385.0	236.0	31.466666666666665	359649.0
11392.5	216.0	28.8	359865.0
11400.0	253.0	33.733333333333334	360118.0
11407.5	249.0	33.2	360367.0
11415.0	240.0	32.0	360607.0
11422.5	241.0	32.13333333333333	360848.0
11430.0	233.0	31.066666666666666	361081.0
11437.5	241.0	32.13333333333333	361322.0
11445.0	238.0	31.733333333333334	361560.0
11452.5	262.0	34.93333333333333	361822.0
11460.0	267.0	35.6	362089.0
11467.5	251.0	33.46666666666667	362340.0
11475.0	253.0	33.733333333333334	362593.0
11482.5	217.0	28.933333333333334	362810.0
11490.0	256.0	34.13333333333333	363066.0
11497.5	234.0	31.2	363300.0
11505.0	245.0	32.666666666666664	363545.0
11512.5	259.0	34.53333333333333	363804.0
11520.0	217.0	28.933333333333334	364021.0
11527.5	247.0	32.93333333333333	364268.0
11535.0	263.0	35.06666666666667	364531.0
11542.5	235.0	31.333333333333332	364766.0
11550.0	245.0	32.666666666666664	365011.0
11557.5	219.0	29.2	365230.0
11565.0	262.0	34.93333333333333	365492.0
11572.5	234.0	31.2	365726.0
11580.0	250.0	33.333333333333336	365976.0
11587.5	220.0	29.333333333333332	366196.0
11595.0	250.0	33.333333333333336	366446.0
11602.5	236.0	31.466666666666665	366682.0
11610.0	249.0	33.2	366931.0
11617.5	258.0	34.4	367189.0
11625.0	242.0	32.266666666666666	367431.0
11632.5	233.0	31.066666666666666	367664.0
11640.0	242.0	32.266666666666666	367906.0
11647.5	261.0	34.8	368167.0
11655.0	259.0	34.53333333333333	368426.0
11662.5	253.0	33.733333333333334	368679.0
11670.0	231.0	30.8	368910.0
11677.5	224.0	29.866666666666667	369134.0
11685.0	225.0	30.0	369359.0
11692.5	234.0	31.2	369593.0
11700.0	238.0	31.733333333333334	369831.0
11707.5	227.0	30.266666666666666	370058.0
11715.0	229.0	30.533333333333335	370287.0
11722.5	219.0	29.2	370506.0
11730.0	225.0	30.0	370731.0
11737.5	246.0	32.8	370977.0
11745.0	216.0	28.8	371193.0
11752.5	259.0	34.53333333333333	371452.0
11760.0	215.0	28.666666666666668	371667.0
11767.5	244.0	32.53333333333333	371911.0
11775.0	202.0	26.933333333333334	372113.0
11782.5	225.0	30.0	372338.0
11790.0	210.0	28.0	372548.0
11797.5	258.0	34.4	372806.0
11805.0	246.0	32.8	373052.0
11812.5	239.0	31.866666666666667	373291.0
11820.0	263.0	35.06666666666667	373554.0
11827.5	237.0	31.6	373791.0
11835.0	217.0	28.933333333333334	374008.0
11842.5	251.0	33.46666666666667	374259.0
11850.0	236.0	31.466666666666665	374495.0
11857.5	235.0	31.333333333333332	374730.0
11865.0	267.0	35.6	374997.0
11872.5	217.0	28.933333333333334	375214.0
11880.0	219.0	29.2	375433.0
11887.5	230.0	30.666666666666668	375663.0
11895.0	225.0	30.0	375888.0
11902.5	232.0	30.933333333333334	376120.0
11910.0	244.0	32.53333333333333	376364.0
11917.5	236.0	31.466666666666665	376600.0
11925.0	246.0	32.8	376846.0
11932.5	252.0	33.6	377098.0
11940.0	253.0	33.733333333333334	377351.0
11947.5	243.0	32.4	377594.0
11955.0	208.0	27.733333333333334	377802.0
11962.5	262.0	34.93333333333333	378064.0
11970.0	233.0	31.066666666666666	378297.0
11977.5	225.0	30.0	378522.0
11985.0	229.0	30.533333333333335	378751.0
11992.5	237.0	31.6	378988.0
12000.0	235.0	31.333333333333332	379223.0
12007.5	221.0	29.466666666666665	379444.0
12015.0	233.0	31.066666666666666	379677.0
12022.5	227.0	30.266666666666666	379904.0
12030.0	232.0	30.933333333333334	380136.0
12037.5	233.0	31.066666666666666	380369.0
12045.0	226.0	30.133333333333333	380595.0
12052.5	264.0	35.2	380859.0
12060.0	246.0	32.8	381105.0
12067.5	247.0	32.93333333333333	381352.0
12075.0	249.0	33.2	381601.0
12082.5	224.0	29.866666666666667	381825.0
12090.0	238.0	31.733333333333334	382063.0
12097.5	240.0	32.0	382303.0
12105.0	248.0	33.06666666666667	382551.0
12112.5	239.0	31.866666666666667	382790.0
12120.0	227.0	30.266666666666666	383017.0
12127.5	237.0	31.6	383254.0
12135.0	246.0	32.8	383500.0
12142.5	247.0	32.93333333333333	383747.0
12150.0	235.0	31.333333333333332	383982.0
12157.5	254.0	33.86666666666667	384236.0
12165.0	247.0	32.93333333333333	384483.0
12172.5	229.0	30.533333333333335	384712.0
12180.0	209.0	27.866666666666667	384921.0
12187.5	250.0	33.333333333333336	385171.0
12195.0	219.0	29.2	385390.0
12202.5	205.0	27.333333333333332	385595.0
12210.0	215.0	28.666666666666668	385810.0
12217.5	251.0	33.46666666666667	386061.0
12225.0	262.0	34.93333333333333	386323.0
12232.5	237.0	31.6	386560.0
12240.0	239.0	31.866666666666667	386799.0
12247.5	247.0	32.93333333333333	387046.0
12255.0	239.0	31.866666666666667	387285.0
12262.5	263.0	35.06666666666667	387548.0
12270.0	224.0	29.866666666666667	387772.0
12277.5	242.0	32.266666666666666	388014.0
12285.0	265.0	35.333333333333336	388279.0
12292.5	219.0	29.2	388498.0
12300.0	238.0	31.733333333333334	388736.0
12307.5	206.0	27.466666666666665	388942.0
12315.0	237.0	31.6	389179.0
12322.5	227.0	30.266666666666666	389406.0
12330.0	223.0	29.733333333333334	389629.0
12337.5	225.0	30.0	389854.0
12345.0	220.0	29.333333333333332	390074.0
12352.5	239.0	31.866666666666667	390313.0
12360.0	246.0	32.8	390559.0
12367.5	238.0	31.733333333333334	390797.0
12375.0	236.0	31.466666666666665	391033.0
12382.5	246.0	32.8	391279.0
12390.0	228.0	30.4	391507.0
12397.5	230.0	30.666666666666668	391737.0
12405.0	238.0	31.733333333333334	391975.0
12412.5	239.0	31.866666666666667	392214.0
12420.0	250.0	33.333333333333336	392464.0
12427.5	259.0	34.53333333333333	392723.0
12435.0	240.0	32.0	392963.0
12442.5	219.0	29.2	393182.0
12450.0	229.0	30.533333333333335	393411.0
12457.5	231.0	30.8	393642.0
12465.0	221.0	29.466666666666665	393863.0
12472.5	245.0	32.666666666666664	394108.0
12480.0	262.0	34.93333333333333	394370.0
12487.5	246.0	32.8	394616.0
12495.0	246.0	32.8	394862.0
12502.5	255.0	34.0	395117.0
12510.0	248.0	33.06666666666667	395365.0
12517.5	234.0	31.2	395599.0
12525.0	215.0	28.666666666666668	395814.0
12532.5	235.0	31.333333333333332	396049.0
12540.0	234.0	31.2	396283.0
12547.5	225.0	30.0	396508.0
12555.0	259.0	34.53333333333333	396767.0
12562.5	225.0	30.0	396992.0
12570.0	228.0	30.4	397220.0
12577.5	247.0	32.93333333333333	397467.0
12585.0	237.0	31.6	397704.0
12592.5	252.0	33.6	397956.0
12600.0	257.0	34.266666666666666	398213.0
12607.5	206.0	27.466666666666665	398419.0
12615.0	252.0	33.6	398671.0
12622.5	242.0	32.266666666666666	398913.0
12630.0	230.0	30.666666666666668	399143.0
12637.5	229.0	30.533333333333335	399372.0
12645.0	239.0	31.866666666666667	399611.0
12652.5	256.0	34.13333333333333	399867.0
12660.0	251.0	33.46666666666667	400118.0
12667.5	231.0	30.8	400349.0
12675.0	249.0	33.2	400598.0
12682.5	225.0	30.0	400823.0
12690.0	217.0	28.933333333333334	401040.0
12697.5	255.0	34.0	401295.0
12705.0	211.0	28.133333333333333	401506.0
12712.5	219.0	29.2	401725.0
12720.0	229.0	30.533333333333335	401954.0
12727.5	245.0	32.666666666666664	402199.0
12735.0	239.0	31.866666666666667	402438.0
12742.5	236.0	31.466666666666665	402674.0
12750.0	249.0	33.2	402923.0
12757.5	229.0	30.533333333333335	403152.0
12765.0	212.0	28.266666666666666	403364.0
12772.5	226.0	30.133333333333333	403590.0
12780.0	247.0	32.93333333333333	403837.0
12787.5	212.0	28.266666666666666	404049.0
12795.0	230.0	30.666666666666668	404279.0
12802.5	230.0	30.666666666666668	404509.0
12810.0	219.0	29.2	404728.0
12817.5	260.0	34.666666666666664	404988.0
12825.0	208.0	27.733333333333334	405196.0
12832.5	244.0	32.53333333333333	405440.0
12840.0	253.0	33.733333333333334	405693.0
12847.5	220.0	29.333333333333332	405913.0
12855.0	286.0	38.13333333333333	406199.0
12862.5	220.0	29.333333333333332	406419.0
12870.0	235.0	31.333333333333332	406654.0
12877.5	246.0	32.8	406900.0
12885.0	265.0	35.333333333333336	407165.0
12892.5	228.0	30.4	407393.0
12900.0	221.0	29.466666666666665	407614.0
12907.5	256.0	34.13333333333333	407870.0
12915.0	236.0	31.466666666666665	408106.0
12922.5	230.0	30.666666666666668	408336.0
12930.0	246.0	32.8	408582.0
12937.5	271.0	36.13333333333333	408853.0
12945.0	268.0	35.733333333333334	409121.0
12952.5	248.0	33.06666666666667	409369.0
12960.0	265.0	35.333333333333336	409634.0
12967.5	226.0	30.133333333333333	409860.0
12975.0	237.0	31.6	410097.0
12982.5	238.0	31.733333333333334	410335.0
12990.0	212.0	28.266666666666666	410547.0
12997.5	209.0	27.866666666666667	410756.0
13005.0	223.0	29.733333333333334	410979.0
13012.5	219.0	29.2	411198.0
13020.0	253.0	33.733333333333334	411451.0
13027.5	245.0	32.666666666666664	411696.0
13035.0	234.0	31.2	411930.0
13042.5	214.0	28.533333333333335	412144.0
13050.0	227.0	30.266666666666666	412371.0
13057.5	247.0	32.93333333333333	412618.0
13065.0	210.0	28.0	412828.0
13072.5	259.0	34.53333333333333	413087.0
13080.0	251.0	33.46666666666667	413338.0
13087.5	224.0	29.866666666666667	413562.0
13095.0	225.0	30.0	413787.0
13102.5	240.0	32.0	414027.0
13110.0	244.0	32.53333333333333	414271.0
13117.5	236.0	31.466666666666665	414507.0
13125.0	222.0	29.6	414729.0
13132.5	257.0	34.266666666666666	414986.0
13140.0	234.0	31.2	415220.0
13147.5	226.0	30.133333333333333	415446.0
13155.0	243.0	32.4	415689.0
13162.5	254.0	33.86666666666667	415943.0
13170.0	209.0	27.866666666666667	416152.0
13177.5	216.0	28.8	416368.0
13185.0	237.0	31.6	416605.0
13192.5	246.0	32.8	416851.0
13200.0	249.0	33.2	417100.0
13207.5	231.0	30.8	417331.0
13215.0	235.0	31.333333333333332	417566.0
13222.5	259.0	34.53333333333333	417825.0
13230.0	240.0	32.0	418065.0
13237.5	224.0	29.866666666666667	418289.0
13245.0	219.0	29.2	418508.0
13252.5	236.0	31.466666666666665	418744.0
13260.0	228.0	30.4	418972.0
13267.5	233.0	31.066666666666666	419205.0
13275.0	239.0	31.866666666666667	419444.0
13282.5	228.0	30.4	419672.0
13290.0	229.0	30.533333333333335	419901.0
13297.5	224.0	29.866666666666667	420125.0
13305.0	232.0	30.933333333333334	420357.0
13312.5	245.0	32.666666666666664	420602.0
13320.0	207.0	27.6	420809.0
13327.5	228.0	30.4	421037.0
13335.0	227.0	30.266666666666666	421264.0
13342.5	231.0	30.8	421495.0
13350.0	258.0	34.4	421753.0
13357.5	235.0	31.333333333333332	421988.0
13365.0	252.0	33.6	422240.0
13372.5	235.0	31.333333333333332	422475.0
13380.0	248.0	33.06666666666667	422723.0
13387.5	210.0	28.0	422933.0
13395.0	224.0	29.866666666666667	423157.0
13402.5	261.0	34.8	423418.0
13410.0	234.0	31.2	423652.0
13417.5	235.0	31.333333333333332	423887.0
13425.0	241.0	32.13333333333333	424128.0
13432.5	228.0	30.4	424356.0
13440.0	213.0	28.4	424569.0
13447.5	237.0	31.6	424806.0
13455.0	251.0	33.46666666666667	425057.0
13462.5	216.0	28.8	425273.0
13470.0	235.0	31.333333333333332	425508.0
13477.5	238.0	31.733333333333334	425746.0
13485.0	234.0	31.2	425980.0
13492.5	202.0	26.933333333333334	426182.0
13500.0	249.0	33.2	426431.0
13507.5	233.0	31.066666666666666	426664.0
13515.0	221.0	29.466666666666665	426885.0
13522.5	238.0	31.733333333333334	427123.0
13530.0	217.0	28.933333333333334	427340.0
13537.5	229.0	30.533333333333335	427569.0
13545.0	235.0	31.333333333333332	427804.0
13552.5	256.0	34.13333333333333	428060.0
13560.0	239.0	31.866666666666667	428299.0
13567.5	228.0	30.4	428527.0
13575.0	222.0	29.6	428749.0
13582.5	246.0	32.8	428995.0
13590.0	260.0	34.666666666666664	429255.0
13597.5	206.0	27.466666666666665	429461.0
13605.0	240.0	32.0	429701.0
13612.5	232.0	30.933333333333334	429933.0
13620.0	255.0	34.0	430188.0
13627.5	222.0	29.6	430410.0
13635.0	234.0	31.2	430644.0
13642.5	228.0	30.4	430872.0
13650.0	246.0	32.8	431118.0
13657.5	227.0	30.266666666666666	431345.0
13665.0	267.0	35.6	431612.0
13672.5	226.0	30.133333333333333	431838.0
13680.0	232.0	30.933333333333334	432070.0
13687.5	233.0	31.066666666666666	432303.0
13695.0	251.0	33.46666666666667	432554.0
13702.5	247.0	32.93333333333333	432801.0
13710.0	243.0	32.4	433044.0
13717.5	248.0	33.06666666666667	433292.0
13725.0	241.0	32.13333333333333	433533.0
13732.5	216.0	28.8	433749.0
13740.0	237.0	31.6	433986.0
13747.5	248.0	33.06666666666667	434234.0
13755.0	234.0	31.2	434468.0
13762.5	233.0	31.066666666666666	434701.0
13770.0	215.0	28.666666666666668	434916.0
13777.5	211.0	28.133333333333333	435127.0
13785.0	236.0	31.466666666666665	435363.0
13792.5	225.0	30.0	435588.0
13800.0	237.0	31.6	435825.0
13807.5	239.0	31.866666666666667	436064.0
13815.0	250.0	33.333333333333336	436314.0
13822.5	243.0	32.4	436557.0
13830.0	217.0	28.933333333333334	436774.0
13837.5	210.0	28.0	436984.0
13845.0	235.0	31.333333333333332	437219.0
13852.5	260.0	34.666666666666664	437479.0
13860.0	248.0	33.06666666666667	437727.0
13867.5	224.0	29.866666666666667	437951.0
13875.0	263.0	35.06666666666667	438214.0
13882.5	247.0	32.93333333333333	438461.0
13890.0	247.0	32.93333333333333	438708.0
13897.5	250.0	33.333333333333336	438958.0
13905.0	224.0	29.866666666666667	439182.0
13912.5	220.0	29.333333333333332	439402.0
13920.0	209.0	27.866666666666667	439611.0
13927.5	235.0	31.333333333333332	439846.0
13935.0	224.0	29.866666666666667	440070.0
13942.5	246.0	32.8	440316.0
13950.0	227.0	30.266666666666666	440543.0
13957.5	228.0	30.4	440771.0
13965.0	260.0	34.666666666666664	441031.0
13972.5	253.0	33.733333333333334	441284.0
13980.0	236.0	31.466666666666665	441520.0
13987.5	194.0	25.866666666666667	441714.0
13995.0	201.0	26.8	441915.0
14002.5	240.0	32.0	442155.0
14010.0	231.0	30.8	442386.0
14017.5	228.0	30.4	442614.0
14025.0	264.0	35.2	442878.0
14032.5	256.0	34.13333333333333	443134.0
14040.0	260.0	34.666666666666664	443394.0
14047.5	211.0	28.133333333333333	443605.0
14055.0	234.0	31.2	443839.0
14062.5	235.0	31.333333333333332	444074.0
14070.0	245.0	32.666666666666664	444319.0
14077.5	231.0	30.8	444550.0
14085.0	221.0	29.466666666666665	444771.0
14092.5	244.0	32.53333333333333	445015.0
14100.0	251.0	33.46666666666667	445266.0
14107.5	256.0	34.13333333333333	445522.0
14115.0	255.0	34.0	445777.0
14122.5	248.0	33.06666666666667	446025.0
14130.0	220.0	29.333333333333332	446245.0
14137.5	227.0	30.266666666666666	446472.0
14145.0	206.0	27.466666666666665	446678.0
14152.5	255.0	34.0	446933.0
14160.0	227.0	30.266666666666666	447160.0
14167.5	233.0	31.066666666666666	447393.0
14175.0	268.0	35.733333333333334	447661.0
14182.5	260.0	34.666666666666664	447921.0
14190.0	228.0	30.4	448149.0
14197.5	232.0	30.933333333333334	448381.0
14205.0	258.0	34.4	448639.0
14212.5	211.0	28.133333333333333	448850.0
14220.0	228.0	30.4	449078.0
14227.5	254.0	33.86666666666667	449332.0
14235.0	237.0	31.6	449569.0
14242.5	227.0	30.266666666666666	449796.0
14250.0	254.0	33.86666666666667	450050.0
14257.5	201.0	26.8	450251.0
14265.0	221.0	29.466666666666665	450472.0
14272.5	249.0	33.2	450721.0
14280.0	252.0	33.6	450973.0
14287.5	252.0	33.6	451225.0
14295.0	245.0	32.666666666666664	451470.0
14302.5	235.0	31.333333333333332	451705.0
14310.0	245.0	32.666666666666664	451950.0
14317.5	221.0	29.466666666666665	452171.0
14325.0	242.0	32.266666666666666	452413.0
14332.5	241.0	32.13333333333333	452654.0
14340.0	215.0	28.666666666666668	452869.0
14347.5	224.0	29.866666666666667	453093.0
14355.0	241.0	32.13333333333333	453334.0
14362.5	192.0	25.6	453526.0
14370.0	228.0	30.4	453754.0
14377.5	241.0	32.13333333333333	453995.0
14385.0	252.0	33.6	454247.0
14392.5	243.0	32.4	454490.0
14400.0	213.0	28.4	454703.0
14407.5	237.0	31.6	454940.0
14415.0	238.0	31.733333333333334	455178.0
14422.5	232.0	30.933333333333334	455410.0
14430.0	275.0	36.666666666666664	455685.0
14437.5	231.0	30.8	455916.0
14445.0	249.0	33.2	456165.0
14452.5	258.0	34.4	456423.0
14460.0	258.0	34.4	456681.0
14467.5	244.0	32.53333333333333	456925.0
14475.0	223.0	29.733333333333334	457148.0
14482.5	225.0	30.0	457373.0
14490.0	269.0	35.86666666666667	457642.0
14497.5	253.0	33.733333333333334	457895.0
14505.0	262.0	34.93333333333333	458157.0
14512.5	251.0	33.46666666666667	458408.0
14520.0	239.0	31.866666666666667	458647.0
14527.5	225.0	30.0	458872.0
14535.0	258.0	34.4	459130.0
14542.5	246.0	32.8	459376.0
14550.0	267.0	35.6	459643.0
14557.5	242.0	32.266666666666666	459885.0
14565.0	229.0	30.533333333333335	460114.0
14572.5	240.0	32.0	460354.0
14580.0	234.0	31.2	460588.0
14587.5	232.0	30.933333333333334	460820.0
14595.0	230.0	30.666666666666668	461050.0
14602.5	249.0	33.2	461299.0
14610.0	242.0	32.266666666666666	461541.0
14617.5	224.0	29.866666666666667	461765.0
14625.0	220.0	29.333333333333332	461985.0
14632.5	273.0	36.4	462258.0
14640.0	237.0	31.6	462495.0
14647.5	254.0	33.86666666666667	462749.0
14655.0	228.0	30.4	462977.0
14662.5	247.0	32.93333333333333	463224.0
14670.0	244.0	32.53333333333333	463468.0
14677.5	213.0	28.4	463681.0
14685.0	238.0	31.733333333333334	463919.0
14692.5	230.0	30.666666666666668	464149.0
14700.0	245.0	32.666666666666664	464394.0
14707.5	221.0	29.466666666666665	464615.0
14715.0	250.0	33.333333333333336	464865.0
14722.5	230.0	30.666666666666668	465095.0
14730.0	207.0	27.6	465302.0
14737.5	256.0	34.13333333333333	465558.0
14745.0	247.0	32.93333333333333	465805.0
14752.5	213.0	28.4	466018.0
14760.0	245.0	32.666666666666664	466263.0
14767.5	254.0	33.86666666666667	466517.0
14775.0	240.0	32.0	466757.0
14782.5	228.0	30.4	466985.0
14790.0	252.0	33.6	467237.0
14797.5	228.0	30.4	467465.0
14805.0	211.0	28.133333333333333	467676.0
14812.5	226.0	30.133333333333333	467902.0
14820.0	245.0	32.666666666666664	468147.0
14827.5	260.0	34.666666666666664	468407.0
14835.0	241.0	32.13333333333333	468648.0
14842.5	224.0	29.866666666666667	468872.0
14850.0	230.0	30.666666666666668	469102.0
14857.5	244.0	32.53333333333333	469346.0
14865.0	226.0	30.133333333333333	469572.0
14872.5	269.0	35.86666666666667	469841.0
14880.0	255.0	34.0	470096.0
14887.5	228.0	30.4	470324.0
14895.0	246.0	32.8	470570.0
14902.5	253.0	33.733333333333334	470823.0
14910.0	241.0	32.13333333333333	471064.0
14917.5	252.0	33.6	471316.0
14925.0	259.0	34.53333333333333	471575.0
14932.5	247.0	32.93333333333333	471822.0
14940.0	254.0	33.86666666666667	472076.0
14947.5	261.0	34.8	472337.0
14955.0	293.0	39.06666666666667	472630.0
14962.5	216.0	28.8	472846.0
14970.0	225.0	30.0	473071.0
14977.5	225.0	30.0	473296.0
14985.0	235.0	31.333333333333332	473531.0
14992.5	240.0	32.0	473771.0
15000.0	238.0	31.733333333333334	474009.0
15007.5	223.0	29.733333333333334	474232.0
15015.0	240.0	32.0	474472.0
15022.5	222.0	29.6	474694.0
15030.0	233.0	31.066666666666666	474927.0
15037.5	247.0	32.93333333333333	475174.0
15045.0	222.0	29.6	475396.0
15052.5	241.0	32.13333333333333	475637.0
15060.0	231.0	30.8	475868.0
15067.5	240.0	32.0	476108.0
15075.0	216.0	28.8	476324.0
15082.5	228.0	30.4	476552.0
15090.0	232.0	30.933333333333334	476784.0
15097.5	227.0	30.266666666666666	477011.0
15105.0	227.0	30.266666666666666	477238.0
15112.5	247.0	32.93333333333333	477485.0
15120.0	257.0	34.266666666666666	477742.0
15127.5	268.0	35.733333333333334	478010.0
15135.0	224.0	29.866666666666667	478234.0
15142.5	205.0	27.333333333333332	478439.0
15150.0	215.0	28.666666666666668	478654.0
15157.5	235.0	31.333333333333332	478889.0
15165.0	224.0	29.866666666666667	479113.0
15172.5	239.0	31.866666666666667	479352.0
15180.0	225.0	30.0	479577.0
15187.5	227.0	30.266666666666666	479804.0
15195.0	239.0	31.866666666666667	480043.0
15202.5	223.0	29.733333333333334	480266.0
15210.0	221.0	29.466666666666665	480487.0
15217.5	215.0	28.666666666666668	480702.0
15225.0	209.0	27.866666666666667	480911.0
15232.5	228.0	30.4	481139.0
15240.0	231.0	30.8	481370.0
15247.5	240.0	32.0	481610.0
15255.0	234.0	31.2	481844.0
15262.5	259.0	34.53333333333333	482103.0
15270.0	262.0	34.93333333333333	482365.0
15277.5	222.0	29.6	482587.0
15285.0	237.0	31.6	482824.0
15292.5	254.0	33.86666666666667	483078.0
15300.0	250.0	33.333333333333336	483328.0
15307.5	230.0	30.666666666666668	483558.0
15315.0	225.0	30.0	483783.0
15322.5	230.0	30.666666666666668	484013.0
15330.0	265.0	35.333333333333336	484278.0
15337.5	220.0	29.333333333333332	484498.0
15345.0	252.0	33.6	484750.0
15352.5	229.0	30.533333333333335	484979.0
15360.0	214.0	28.533333333333335	485193.0
